45 180 0 6
666500000000000000000000000000000000000000000000000000000000000000000000000000000000000000000000000000000000000000000000000000000000000000000000000000000000000000000000000000000004
000165000000000000000000000000000000000000000000000000000000000000000000000000000000000000000000000000000000000000000000000000000000000000000000000000000000000000000000000000001462
000001660000000000000000000000000000000000000000000000000000000000000000000000000000000000000000000000000000000000000000000000000000000000000000000000000000000000000000000000245200
000000006630000000000000000000000000000000000000000000000000000000000000000000000000000000000000000000000000000000000000000000000000000000000000000000000000000000000000000034420000
000000000035300000000000000000000000000000000000000000000000000000000000000000000000000000000000000000000000000000000000000000000000000000000000000000000000000000000000014532000000
000000000001354200000000000000000000000000000000000000000000000000000000000000000000000000000000000000000000000000000000000000000000000000000000000000000000000000000003441100000000
000000000000012343000000000000000000000000000000000000000000000000000000000000000000000000000000000000000000000000000000000000000000000000000000000000000000000000001342111000000000
000000000000000122431000000000000000000000000000000000000000000000000000000000000000000000000000000000000000000000000000000000000000000000000000000000000000000000143211100000000000
000000000000000001224420000000000000000000000000000000000000000000000000000000000000000000000000000000000000000000000000000000000000000000000000000000000000000134311110000000000000
000000000000000000011134310000000000000000000000000000000000000000000000000000000000000000000000000000000000000000000000000000000000000000000000000000000000013311111000000000000000
000000000000000000000111234210000000000000000000000000000000000000000000000000000000000000000000000000000000000000000000000000000000000000000000000000000013431111100000000000000000
000000000000000000000001111233200000000000000000000000000000000000000000000000000000000000000000000000000000000000000000000000000000000000000000000000012331111110000000000000000000
000000000000000000000000011112242100000000000000000000000000000000000000000000000000000000000000000000000000000000000000000000000000000000000000000001332111011000000000000000000000
000000000000000000000000000110112332100000000000000000000000000000000000000000000000000000000000000000000000000000000000000000000000000000000000001243101111100000000000000000000000
000000000000000000000000000001111112332100000000000000000000000000000000000000000000000000000000000000000000000000000000000000000000000000000001233201111100000000000000000000000000
000000000000000000000000000000001111112322100000000000000000000000000000000000000000000000000000000000000000000000000000000000000000000000001233210110110000000000000000000000000000
000000000000000000000000000000000011011022322100000000000000000000000000000000000000000000000000000000000000000000000000000000000000000011233210111011000000000000000000000000000000
000000000000000000000000000000000000110111022332110000000000000000000000000000000000000000000000000000000000000000000000000000000000011223210011011100000000000000000000000000000000
000000000000000000000000000000000000001110111012322210000000000000000000000000000000000000000000000000000000000000000000000000000112233210011101100000000000000000000000000000000000
000000000000000000000000000000000000000001100111012232221100000000000000000000000000000000000000000000000000000000000000000001122232200011100110000000000000000000000000000000000000
000000000000000000000000000000000000000000011100111002222122110000000000000000000000000000000000000000000000000000000000111222322100011100111000000000000000000000000000000000000000
000000000000000000000000000000000000000000000011100111001222312211110000000000000000000000000000000000000000000000011112123221000011100111000000000000000000000000000000000000000000
000000000000000000000000000000000000000000000000011000111000022232112211110000000000000000000000000000000000111112211332210000111100111000000000000000000000000000000000000000000000
000000000000000000000000000000000000000000000000000111000111100001222232112222111111111100000001111111111222111332222000001111000111000000000000000000000000000000000000000000000000
000000000000000000000000000000000000000000000000000000111100011110000001222222331111111122222221111111233222222000000011110000111000000000000000000000000000000000000000000000000000
000000000000000000000000000000000000000000000000000000000011100001111110000000002222222222222222222222100000000001111100000111000000000000000000000000000000000000000000000000000000
000000000000000000000000000000000000000000000000000000000000011110000001111110000000000000000000000000000011111110000001111000000000000000000000000000000000000000000000000000000000
000000000000000000000000000000000000000000000000000000000000000001111100000001111111111111111111111111111100000000111110000000000000000000000000000000000000000000000000000000000000
000000000000000000000000000000000000000000000000000000000000000000000011111000000000000000000000000000000000011111000000000000000000000000000000000000000000000000000000000000000000
000000000000000000000000000000000000000000000000000000000000000000000000000111111111000000000000000011111111100000000000000000000000000000000000000000000000000000000000000000000000
000000000000000000000000000000000000000000000000000000000000000000000000000000000000111111111111111100000000000000000000000000000000000000000000000000000000000000000000000000000000
000000000000000000000000000000000000000000000000000000000000000000000000000000000000000000000000000000000000000000000000000000000000000000000000000000000000000000000000000000000000
000000000000000000000000000000000000000000000000000000000000000000000000000000000000000000000000000000000000000000000000000000000000000000000000000000000000000000000000000000000000
000000000000000000000000000000000000000000000000000000000000000000000000000000000000000000000000000000000000000000000000000000000000000000000000000000000000000000000000000000000000
000000000000000000000000000000000000000000000000000000000000000000000000000000000000000000000000000000000000000000000000000000000000000000000000000000000000000000000000000000000000
000000000000000000000000000000000000000000000000000000000000000000000000000000000000000000000000000000000000000000000000000000000000000000000000000000000000000000000000000000000000
000000000000000000000000000000000000000000000000000000000000000000000000000000000000000000000000000000000000000000000000000000000000000000000000000000000000000000000000000000000000
000000000000000000000000000000000000000000000000000000000000000000000000000000000000000000000000000000000000000000000000000000000000000000000000000000000000000000000000000000000000
000000000000000000000000000000000000000000000000000000000000000000000000000000000000000000000000000000000000000000000000000000000000000000000000000000000000000000000000000000000000
000000000000000000000000000000000000000000000000000000000000000000000000000000000000000000000000000000000000000000000000000000000000000000000000000000000000000000000000000000000000
000000000000000000000000000000000000000000000000000000000000000000000000000000000000000000000000000000000000000000000000000000000000000000000000000000000000000000000000000000000000
000000000000000000000000000000000000000000000000000000000000000000000000000000000000000000000000000000000000000000000000000000000000000000000000000000000000000000000000000000000000
000000000000000000000000000000000000000000000000000000000000000000000000000000000000000000000000000000000000000000000000000000000000000000000000000000000000000000000000000000000000
000000000000000000000000000000000000000000000000000000000000000000000000000000000000000000000000000000000000000000000000000000000000000000000000000000000000000000000000000000000000
000000000000000000000000000000000000000000000000000000000000000000000000000000000000000000000000000000000000000000000000000000000000000000000000000000000000000000000000000000000000
